    public $_enclosPosition = array(
        [5, 35]
        ,[10, 31]
        ,[8, 23]
        ,[26, 21]
        ,[28, 37]
        ,[42, 47]
        ,[17, 43]
        ,[52, 84]
        ,[51, 20]
        ,[42, 14]
        ,[64, 35]
        ,[84, 32]
        ,[92, 44]
        ,[27, 67]
    );
    public $_volierePosition = array(
        [51.5, 9]
        ,[59, 9]
        ,[41, 37]
        ,[49, 43]
        ,[53, 55]
        ,[57.5, 29]
        ,[75, 38]
        ,[83, 48]
        ,[71, 64]
        ,[53, 71]
        ,[7, 52]
        ,[32, 59]
        ,[17, 10]
    );
    public $_aquaPosition = array(
        [28, 49]
        ,[19, 56]
        ,[20, 36]
        ,[37, 24]
        ,[68, 25]
        ,[57, 42]
        ,[62, 53]
        ,[46, 61]
        ,[44, 76]
    );